3.000000000000000000e+00 1.000000000000000000e+00 1.610155467871373647e-01 -1.023345689607220388e+00 1.345376783181495117e+00
3.000000000000000000e+00 0.000000000000000000e+00 1.329338634798223895e-01 -1.001286039358296076e+00 1.267153766317940855e+00
3.000000000000000000e+00 2.000000000000000000e+00 -8.601278562165604047e-02 -1.383092963861902502e+00 1.211067392618590421e+00
2.000000000000000000e+00 0.000000000000000000e+00 1.497535979652415694e-01 -7.101283777359472804e-01 1.009635573666430419e+00
2.000000000000000000e+00 1.000000000000000000e+00 -2.326779041755974164e-01 -1.723992456055569500e+00 1.258636647704374667e+00
1.000000000000000000e+00 0.000000000000000000e+00 4.445571265218912771e-01 -4.388682697180711911e-01 1.327982522761853801e+00
4.000000000000000000e+00 2.000000000000000000e+00 5.978334379506300422e-02 -1.106812990729964197e+00 1.226379678320090205e+00
4.000000000000000000e+00 3.000000000000000000e+00 4.119843131607895947e-01 -9.425109602280764554e-01 1.766479586549655645e+00
4.000000000000000000e+00 0.000000000000000000e+00 -7.912393027356184882e-02 -9.639611897263161699e-01 8.057133291791924723e-01
4.000000000000000000e+00 1.000000000000000000e+00 -2.239396593180958961e-02 -9.121604401463243583e-01 8.673725082827051791e-01
