3.000000000000000000e+00 1.000000000000000000e+00 2.293658211791027024e-01 -9.351758627736032059e-01 1.393907505131808611e+00
3.000000000000000000e+00 3.000000000000000000e+00 -9.122642786785523095e-02 -1.111679625889504752e+00 9.292267701537942903e-01
3.000000000000000000e+00 2.000000000000000000e+00 1.353063308445115465e-01 -7.309423595939482654e-01 1.001555021282971358e+00
3.000000000000000000e+00 4.000000000000000000e+00 -6.032890045191036110e-02 -1.058502426078041569e+00 9.378446251742208473e-01
2.000000000000000000e+00 1.000000000000000000e+00 9.648613420390844686e-02 -8.406170388765729085e-01 1.033589307284389802e+00
2.000000000000000000e+00 2.000000000000000000e+00 -9.469439743362090267e-02 -1.142240157776555964e+00 9.528513629093141590e-01
2.000000000000000000e+00 3.000000000000000000e+00 -5.860031102459922758e-02 -1.096681290393380914e+00 9.794806683441824591e-01
2.000000000000000000e+00 4.000000000000000000e+00 -1.702077502216292615e-03 -1.023556573396585456e+00 1.020152418392152871e+00
1.000000000000000000e+00 4.000000000000000000e+00 2.290963772634259099e-01 -8.186613125434398786e-01 1.276854067070291698e+00
1.000000000000000000e+00 3.000000000000000000e+00 7.641804177947075782e-02 -1.054502610665650097e+00 1.207338694224591613e+00
1.000000000000000000e+00 2.000000000000000000e+00 3.689355027183000568e-01 -4.947225507548661527e-01 1.232593556191466266e+00
1.000000000000000000e+00 1.000000000000000000e+00 3.629452746858184420e-01 -8.234017656852964384e-01 1.549292315056933322e+00
4.000000000000000000e+00 2.000000000000000000e+00 -8.834761882124292365e-02 -1.083003013821268068e+00 9.063077761787822206e-01
4.000000000000000000e+00 3.000000000000000000e+00 -1.027773225662348966e-01 -1.168958647234865422e+00 9.634040021023956291e-01
0.000000000000000000e+00 4.000000000000000000e+00 1.412089082032096377e-01 -8.586201667429542717e-01 1.141037983149373547e+00
4.000000000000000000e+00 1.000000000000000000e+00 -1.621751183915040584e-01 -1.085909592047675787e+00 7.615593552646676700e-01
0.000000000000000000e+00 2.000000000000000000e+00 2.297345187291146007e-01 -6.564583572848977644e-01 1.115927394743126966e+00
0.000000000000000000e+00 3.000000000000000000e+00 -1.345390135212696237e-01 -1.370906205730286542e+00 1.101828178687747295e+00
4.000000000000000000e+00 4.000000000000000000e+00 -2.285469428881646281e-01 -1.176477522790351449e+00 7.193836370140221925e-01
0.000000000000000000e+00 1.000000000000000000e+00 2.065719625916602742e-01 -5.548031369982836525e-01 9.679470621816042009e-01
