0.000000000000000000e+00 -1.201314925032406994e-03 -5.650224888887331494e-03 3.247595038822517505e-03
1.000000000000000000e+00 -1.039867130309327960e-02 -4.766833697606446402e-02 2.687099436987790482e-02
2.000000000000000000e+00 -7.628931211363026293e-03 -4.728303146066114432e-02 3.202516903793509173e-02
3.000000000000000000e+00 -3.111202991793109163e-02 -1.914101291140026806e-01 1.291860692781404973e-01
4.000000000000000000e+00 6.515366373498626684e-02 7.302659810939761062e-03 1.230046676590327848e-01
5.000000000000000000e+00 9.396051718608966485e-04 -2.289382898516246490e-01 2.308175001953464422e-01
6.000000000000000000e+00 -1.379801094209705259e-02 -1.339241226664863449e-01 1.063281007822922397e-01
7.000000000000000000e+00 1.689767473053448849e-02 -6.528650582771913791e-02 9.908185528878811488e-02
8.000000000000000000e+00 -6.584484155984850207e-02 -1.891463448872237607e-01 5.745666176752676352e-02
9.000000000000000000e+00 -3.010103423026393166e-02 -1.361449862105545694e-01 7.594291775002670608e-02
